166 246
1870 2802
1338 2004
2002 3000
678 1014
2898 4344
1914 2868
1434 2148
3850 5772
1858 2784
2822 4230
582 870
1126 1686
3310 4962
3846 5766
1966 2946
3982 5970
3770 5652
3310 4962
1746 2616
1566 2346
2418 3624
3610 5412
614 918
1170 1752
1530 2292
1686 2526
2866 4296
2874 4308
3582 5370
1790 2682
2906 4356
3086 4626
2154 3228
3478 5214
3650 5472
2670 4002
1198 1794
142 210
3578 5364
2814 4218
3246 4866
1290 1932
1334 1998
2694 4038
2658 3984
566 846
2846 4266
1014 1518
3474 5208
2190 3282
2578 3864
2650 3972
3030 4542
150 222
3438 5154
2894 4338
2966 4446
2118 3174
3114 4668
1266 1896
142 210
762 1140
3370 5052
1154 1728
426 636
162 240
3770 5652
1058 1584
2594 3888
1786 2676
3222 4830
3562 5340
2918 4374
1482 2220
1402 2100
26 36
406 606
1574 2358
2194 3288
2518 3774
2494 3738
338 504
3818 5724
3026 4536
3362 5040
3866 5796
1506 2256
3726 5586
1234 1848
3778 5664
1758 2634
2506 3756
1294 1938
2150 3222
2154 3228
474 708
330 492
3718 5574
2166 3246